# Object    Position  Normal  Angle_n  Radius  Color        Specular  Reflection
Camera      0,0,-100   0,0,1  0,0,0
Light      -200,50,0                    0.4     255,255,255    Point
Light       100,80,-20                  0.4     255,255,255    Point
Sphere      0,-40,100                    40     255,0,0        400    0
Sphere      0,25,100                     30     0,255,0        400    0
Sphere     -30,0,100                     10     255,215,0      150    0.3
Sphere      30,0,100                     10     255,215,0      150    0.3
Sphere     -12,25,75                      5     255,255,255    150    0
Sphere      12,25,75                      5     255,255,255    150    0
Sphere     -12,25,71                      2     0,0,255        500    0.5
Sphere      12,25,71                      2     0,0,255        500    0.5
Sphere       0,20,72                      5     255,0,0        500    0.3
Sphere      0,-40,69                     10     255,255,255    350    0
Sphere      0,-29,71                     10     255,255,255    350    0
Sphere      0,-20,76                     10     255,255,255    350    0
Plane        0,-80,0    0,1,0   0,0,0           255,160,122    100    0.8
