# Object     Position   Normal  Angle_n   Radius  Color        Specular
Camera       0,0,-15     0,0,1   0,0,0
Light       -2,10,2                        0.4    255,255,255   Point
Light        10,0,0                        0.4    255,255,255   Point
Plane        0,-5,0     0,1,0    0,0,0            255,160,122   300
Plane        0,0,15     0,1,0   90,0,0            255,200,122   300
Light        0,-10,-5                      0.6    255,255,255   Point
Cylindr     -4,0,10     0,1,0    0,0,0       1    131,111,255   500
Cylindr      0,0,10     0,1,0    0,0,0       1    131,111,255   500
Cylindr      4,0,10     0,1,0    0,0,0       1    131,111,255   500
Cylindr      0,2,10     0,1,0    0,0,45      1    131,111,255   500
Cylindr      0,2,10     0,1,0    0,0,-45     1    131,111,255   500
