# Object     Position   Normal  Angle_n   Radius  Color       Specular
Camera       0,50,-200   0,0,1   0,0,0
Light      -100,50,-100                    0.4    255,255,255   Point
Light       100,50,-100                    0.4    255,255,255   Point
Sphere       60,0,0                        20     0,255,0       500
Sphere      -60,0,0                        20     255,215,0     500
Sphere       60,0,260                      20     0,255,0       500
Sphere      -60,0,260                      20     255,215,0     500
Sphere       60,100,0                      20     0,255,0       500
Sphere      -60,100,0                      20     255,215,0     500
Sphere       60,100,260                    20     0,255,0       500
Sphere      -60,100,260                    20     255,215,0     500
Cylind      -60,0,260   0,1,0    0,0,0     10     131,111,255   150
Cylind       60,0,260   0,1,0    0,0,0     10     131,111,255   150
Cylind      -60,0,0     0,1,0    0,0,0     10     131,111,255   150
Cylind       60,0,0     0,1,0    0,0,0     10     131,111,255   150
Plane        0,0,0      0,1,0    0,0,0            255,160,122   100
Plane        0,100,0    0,-1,0   0,0,0            255,160,122   100
Plane        0,0,330    0,1,0    90,0,0           100,200,255   100
Sphere       0,20,50                       15     240,0,0       800
